B a t c h | | S i z e
5
T e s t | | B a t c h | | S i z e
5
E p o c h s
3 5
L e a r n i n g | | R a t e
0 . 0 1
B e t a | | 1
0 . 9
B e t a | | 2
0 . 9 9 9
E p s i l o n
1 e - 0 8
D I C E
0 . 7 6 8 4
0 . 7 1 9 8
0 . 8 6 8 4
0 . 8 7 5 5
0 . 8 2 6 6
0 . 9 0 1
0 . 8 9 0 5
0 . 8 2 9 7
0 . 7 1 3 5
0 . 9 2 5 3
0 . 9 2 0 8
0 . 9 3 2
0 . 9 3
0 . 9 3 2 3
0 . 8 5 3 7
0 . 9 1 8
0 . 9 4 5
0 . 9 4 3 4
0 . 9 3 8 8
0 . 9 5 9 9
0 . 9 4 7 1
0 . 9 4 4 1
0 . 8 7 4 7
0 . 9 5 2 5
0 . 9 6 0 7
0 . 9 6 7 3
0 . 9 5 6
0 . 9 6 8 4
0 . 9 6 8 3
0 . 9 5 7 2
0 . 9 4 4 7
0 . 9 6 7
0 . 9 6 4 5
0 . 9 6 5
0 . 9 6 4 1
t r a i n i n g
0 . 0 0 8 3
0 . 0 0 1 9
0 . 0 0 5 3
0 . 0 0 3 7
0 . 0 0 0 2
0 . 0 0 1 4
0 . 0 0 4 7
0 . 0 0 4 9
0 . 0 1 3 4
0 . 0 0 0 3
0 . 0 0 3 4
0 . 0 0 1 9
0 . 0 0 4 2
0 . 0 0 6 5
0 . 0 0 4 5
0 . 0 0 4 2
0 . 0 0 2 6
0 . 0 0 2 4
0 . 0 0 7 6
0 . 0 0 1 3
0 . 0 0 2 4
0 . 0 0 0 7
0 . 0 0 1 3
0 . 0
0 . 0
0 . 0
0 . 0
0 . 0 0 0 9
0 . 0 0 0 4
0 . 0
0 . 0 0 2 2
0 . 0 0 1
0 . 0
0 . 0
0 . 0 0 0 8
t e s t i n g
0 . 0 1 1 1
0 . 0 0 9 5
0 . 0 0 7 1
0 . 0 0 6
0 . 0 1 4 3
0 . 0 0 4 3
0 . 0 0 6 4
0 . 0 0 3 6
0 . 0 0 5
0 . 0 0 3 5
0 . 0 0 3
0 . 0 0 2 3
0 . 0 0 2 3
0 . 0 0 2 1
0 . 0 0 4 7
0 . 0 0 2 8
0 . 0 0 2 1
0 . 0 0 2 2
0 . 0 0 2 2
0 . 0 0 1 6
0 . 0 0 1 8
0 . 0 0 1 7
0 . 0 0 2 5
0 . 0 0 1 6
0 . 0 0 1 5
0 . 0 0 1 3
0 . 0 0 1 7
0 . 0 0 1 3
0 . 0 0 1 3
0 . 0 0 1 6
0 . 0 0 2
0 . 0 0 1 2
0 . 0 0 1 3
0 . 0 0 1 4
0 . 0 0 1 2
